86017 19200
65543 21900
14348 0
28686 17600
55311 56000
43023 76800
90127 10000
59411 144000
94228 96000
75797 20200
90136 171600
34846 91800
73760 130800
55328 0
79906 12300
77863 147200
90151 28500
92210 15200
77877 38400
30777 19500
12345 107200
77884 124000
96321 25200
26690 45000
73799 212000
67657 16000
30798 18500
90193 154200
57428 57600
55384 126400
79963 70400
69728 52200
18529 216800
45156 28200
57449 15800
39022 13300
96368 10900
41078 48000
73850 204000
26753 23100
82049 48000
71812 22700
84103 33600
61579 26500
53390 0
26766 31200
30863 10000
80018 147200
10388 22000
34964 36800
12438 147000
94360 16300
61596 26600
16549 0
63654 222400
43181 117600
30893 48000
73907 14500
65718 43200
98489 84000
73916 98400
12479 27800
90309 20000
45255 72000
55517 102000
12515 14100
26853 49600
33003 48000
53486 132800
49395 28400
90356 80000
61685 21000
59646 26000
26878 72000
76032 12000
10495 72000
43266 20900
84226 214400
20743 0
33032 214200
51465 89600
10507 126000
47371 72000
47376 0
63761 70400
76050 79200
55574 31200
63774 204000
39200 102400
61735 162400
96552 28800
18736 96000
80181 14700
76092 140000
88380 19200
65864 24900
26955 40000
45394 16000
31058 28200
53590 26200
84317 14800
88414 29900
57698 36000
39267 87600
69990 60000
22887 72000
86379 0
86387 45600
76160 19500
86409 238400
24980 217600
18836 0
59801 563200
18842 51600
74143 100000
53663 48800
55715 20900
41384 210400
41386 0
61870 44400
16830 48000
90558 22400
90561 16800
63943 132800
98769 72000
53715 0
43476 20400
33238 89600
18903 193600
51673 18900
23008 10000
84449 64000
23010 48000
61923 96600
51683 101600
98791 113400
72172 168800
49645 0
41456 24600
49650 70400
57843 162400
31231 128800
92673 161600
35330 126400
18949 20500
84496 0
88594 169200
66069 97800
29207 28700
37411 46200
84515 0
51751 69600
80427 87600
51755 148800
78384 64800
53817 0
59966 29700
55875 29000
33347 0
82501 0
39499 125400
21073 60000
33366 18000
72278 20200
49755 185600
10843 11600
29279 70400
96867 16100
37480 1153600
12905 54400
74346 29700
49774 35200
90734 60000
21105 10200
53875 23200
72311 149600
21119 23400
12928 26000
47751 0
49812 15400
90775 68400
58014 374400
45731 25900
74410 35400
58029 0
76469 48000
10934 14400
23231 10000
86719 17300
27329 187200
35523 132800
12995 28200
82629 144800
41668 18000
10950 167400
58059 57600
72401 31800
10962 12000
76500 15100
39637 39200
53972 144000
21210 27700
31451 20900
90844 96000
88798 37200
25314 0
92905 181600
10988 16000
15095 88000
29437 171200
33534 81600
21252 64000
66309 164400
51977 11000
68361 21900
25359 0
25360 94400
68371 24200
47897 79800
97052 74400
58151 150600
66343 141000
82727 28800
41770 12700
68396 150600
29487 68000
17219 137400
86861 225600
39761 142400
68434 174400
50005 70400
82776 12000
35678 43200
11105 53400
54115 16900
86885 181600
80744 47400
19310 25900
74609 178400
29556 13900
68468 18800
91002 212000
47997 134400
54143 103200
50050 87000
23434 72000
19339 27300
11149 113400
52112 27400
58259 130800
95126 37600
78743 13500
54168 192000
78747 76000
93085 36000
82851 48000
76707 64000
56227 28100
41894 11200
21415 111000
66477 12100
70573 0
15284 10400
95158 17500
33724 0
56255 11100
54208 222400
17355 17800
87011 114400
89060 28200
33764 105000
48105 23600
23530 111600
46063 133200
29682 13100
80884 13500
66550 14700
62464 144800
37891 18300
44038 16000
48143 97200
29714 0
82966 58400
48154 29900
60444 0
42017 27700
33826 156800
42027 18000
87083 147600
64569 0
19516 28800
97353 188800
25677 103800
21582 21800
17487 119400
60493 12100
74835 131200
37973 127200
54361 156800
50266 27900
74853 384000
48240 60000
58481 118200
66676 21400
35968 48000
54400 95400
60544 96000
19586 79800
33929 96000
11401 16800
50317 123200
87182 13100
48271 12300
40085 0
64661 47400
93340 134400
91293 176400
23717 10600
97446 0
62636 36800
85165 24000
31918 70400
56492 10000
79028 21300
27836 60000
66750 64000
91330 25200
56516 16500
29892 47400
15558 97200
29904 0
97489 91800
66772 127200
66775 81600
68826 23400
81116 12700
25820 78400
52447 0
42220 0
97519 0
56569 70400
85243 0
31996 21600
75008 174000
54530 233300
29963 15600
32014 82400
64784 16000
93456 13700
68881 23300
21781 160200
36122 161400
34093 12000
62766 70400
73011 70400
21824 238400
27972 60000
81223 11200
46422 22200
13656 24200
79197 27400
87398 68400
25964 107400
42357 212800
60792 213600
15737 60000
52604 240000
73098 11600
34197 27300
60822 249100
62874 70400
11674 70400
95645 0
79263 15500
64927 10000
93601 150600
83360 15400
97701 21000
21929 100800
38317 78000
42423 168800
34233 130200
97723 150400
46529 70400
75202 102000
69059 27100
83397 11100
85448 70800
46543 13400
99795 0
56788 102600
13779 0
40406 48000
38358 22700
91608 64000
52699 18900
69089 131400
83426 109200
62945 25300
93666 120600
81381 17900
95718 96000
93671 96000
65000 61600
77296 116000
67060 0
69117 94800
67071 0
79359 17800
54785 14000
40461 18900
71181 26400
36372 126400
97812 67200
46616 81600
48665 48000
34335 20000
20000 20900
11808 196000
87586 149400
71212 20900
15918 20500
60981 10000
81463 72800
63031 177000
22075 0
60989 25100
50751 72000
24131 239200
58947 165000
61002 640000
75338 231200
95826 10000
44627 15100
24151 16100
65118 260600
15974 154400
42603 288000
42616 32400
38522 18000
13949 72000
65151 48000
40585 17800
93834 104000
99986 151800
38551 15400
20137 15700
97969 0
93891 0
26308 218400
22213 19000
97993 0
59091 43800
18134 0
95959 48000
48855 15200
52953 52800
46812 139800
69341 124800
44774 97800
44777 15500
73457 19100
63220 17200
18167 140800
18184 106200
77577 16600
28430 28100
26395 122400
85799 174400
38696 0
30504 111600
22336 60000
38722 14700
91970 43200
44878 21700
48979 216000
42837 22600
59222 24900
34645 52800
81752 0
98137 11200
96094 18100
42848 72000
53090 0
63332 0
57189 64000
34662 10900
61287 95400
75622 26700
77670 20700
85862 104800
24431 12000
94067 28600
67446 65600
40830 61600
44931 21700
16264 0
38792 72000
44938 19700
61324 91800
65422 145200
71567 36800
98196 18800
90011 219200
90017 0
57251 70400
24487 233600
14248 166400
47026 63000
96179 11900
44978 68800
71612 60000
24510 43200
83904 196000
67529 123200
47057 96000
73683 10000
75738 14200
22510 13700
