szoborid	alkotoid
1	689
2	107
3	695
4	145
5	639
6	587
7	583
8	921
9	885
10	970
11	773
12	828
13	622
14	629
15	508
16	62
18	154
19	748
20	290
21	646
22	834
23	956
24	569
25	967
26	222
27	676
28	619
29	428
30	2
31	429
32	275
32	839
33	891
33	429
34	762
34	134
35	416
35	6
36	290
38	205
39	621
39	411
40	485
41	532
42	821
43	12
44	933
45	276
45	319
46	706
47	894
49	411
50	445
51	252
52	495
53	321
54	366
55	411
55	528
55	966
56	631
57	477
58	209
59	817
60	153
61	838
62	290
63	436
64	420
65	276
66	357
67	913
68	605
69	120
70	763
71	849
72	505
73	207
74	429
75	653
76	332
77	739
78	647
79	839
80	363
80	445
81	276
82	872
83	217
84	299
85	286
86	85
87	232
88	317
89	525
90	508
91	749
92	805
93	446
94	428
95	875
96	207
97	254
98	963
99	824
100	781
101	946
102	30
103	508
104	829
105	784
106	536
107	741
107	500
108	980
108	664
109	217
110	210
111	374
112	576
113	333
114	610
115	471
116	222
117	424
118	661
119	85
120	49
121	836
122	950
123	420
124	536
125	412
126	641
127	618
128	392
129	67
130	285
131	438
132	429
133	565
134	977
135	894
136	790
137	605
138	290
139	735
140	241
141	153
142	424
143	913
144	287
145	885
146	735
147	72
148	181
149	193
150	567
151	217
152	824
153	254
154	299
155	851
156	748
158	239
159	178
160	254
160	968
161	429
163	455
164	84
165	884
166	350
167	421
167	312
168	317
169	622
169	81
169	468
170	290
171	193
172	652
172	967
173	25
174	829
175	429
176	610
177	845
178	99
179	536
180	471
181	311
182	869
183	96
184	667
185	724
186	626
187	63
188	778
189	328
190	534
191	894
192	244
193	153
194	169
195	868
196	352
197	927
198	222
199	153
200	18
201	360
202	626
203	250
204	694
205	797
206	153
207	798
208	231
209	644
210	720
211	311
212	307
213	319
213	276
214	910
215	740
216	767
217	95
218	577
219	920
220	700
221	338
222	959
223	673
225	308
226	750
227	289
228	42
229	763
230	290
231	469
232	706
233	157
234	31
235	222
236	747
237	357
238	95
239	48
240	590
241	667
242	479
243	383
244	84
245	667
246	254
247	143
247	548
248	118
249	578
250	450
251	35
252	230
253	727
254	748
255	382
256	722
257	764
258	967
259	719
260	193
261	578
262	882
263	895
264	720
265	977
266	862
267	209
268	667
269	48
270	84
271	392
272	810
273	719
274	306
275	619
276	608
277	949
278	932
279	861
280	916
281	971
282	135
283	667
284	469
285	5
286	259
286	411
286	528
287	420
288	173
289	429
290	8
291	887
292	834
293	53
294	872
295	850
296	731
297	911
299	747
300	182
301	606
302	317
303	782
304	80
305	823
306	57
307	2
308	388
309	611
310	424
311	62
312	933
313	690
314	445
315	89
316	429
317	700
318	400
319	577
320	622
321	740
322	780
323	254
324	508
325	49
326	528
328	538
329	702
330	48
331	141
332	666
333	626
334	917
335	129
336	85
337	381
338	434
339	187
340	95
341	312
341	378
342	471
343	549
344	585
345	498
345	725
346	153
347	25
348	672
349	339
350	469
351	629
352	742
353	623
354	469
355	290
356	276
357	885
358	254
359	60
360	254
361	404
361	158
362	434
363	459
364	63
365	254
366	429
367	647
368	333
369	177
370	697
371	311
372	633
373	423
374	770
375	913
376	311
377	790
378	25
379	426
380	370
381	273
382	345
383	927
384	189
385	432
386	838
388	85
389	606
391	767
392	888
393	891
395	901
396	719
397	446
398	541
399	133
400	80
401	814
402	84
403	84
404	834
405	84
406	797
408	174
409	122
410	462
411	606
412	528
412	411
413	72
414	308
415	173
416	32
417	120
418	428
419	883
420	592
421	84
422	910
423	411
423	259
423	719
424	478
425	230
426	712
427	706
428	693
429	754
430	173
431	735
432	628
433	793
434	420
435	840
436	195
437	193
438	537
439	1
440	679
441	673
442	276
443	914
444	471
445	585
446	166
447	544
448	764
450	387
451	690
453	444
454	198
455	416
457	515
458	706
459	311
460	304
461	359
462	389
463	10
464	577
465	280
466	797
467	254
468	378
469	429
470	191
471	750
472	429
473	521
474	4
475	705
476	85
477	85
478	875
479	692
480	678
481	880
482	153
483	455
484	487
485	119
486	85
487	947
488	408
489	755
490	366
491	676
492	392
493	606
494	710
495	290
496	433
496	938
497	268
498	147
499	644
500	507
501	294
502	290
503	886
504	621
505	306
506	409
507	429
508	429
509	120
510	852
511	387
512	446
514	174
515	731
516	67
517	286
518	799
519	25
520	979
521	276
522	844
523	276
524	697
525	429
526	773
527	408
528	798
529	964
530	290
531	357
532	191
533	735
534	284
535	841
536	692
537	145
538	311
539	168
540	290
541	910
542	617
543	932
544	28
545	967
546	622
547	869
548	359
549	471
550	763
551	885
552	530
553	35
554	40
555	955
557	714
558	421
559	631
560	735
561	137
562	621
564	700
565	621
566	718
567	930
567	129
568	119
569	892
570	335
571	24
572	471
573	193
574	884
575	319
576	153
577	411
578	782
580	313
580	235
581	333
582	913
583	276
584	85
585	173
586	352
587	967
588	469
589	646
590	95
591	688
592	84
593	311
594	212
595	605
596	23
597	116
598	54
599	420
600	813
601	373
602	286
603	532
604	84
605	156
606	786
607	768
608	442
609	679
609	203
611	183
612	298
613	411
614	170
615	486
616	357
617	68
618	350
619	503
620	420
621	394
622	252
623	445
624	168
625	326
626	719
628	636
629	823
630	228
631	350
632	453
633	643
634	411
635	591
636	955
637	471
638	119
639	889
640	242
641	302
642	193
643	932
644	927
645	564
646	839
647	357
648	690
649	921
650	311
651	977
651	36
652	796
654	894
655	311
656	967
657	832
658	359
659	254
660	610
662	471
663	237
664	252
665	461
666	873
667	170
668	429
670	839
671	42
672	290
673	165
674	719
675	631
676	357
677	469
678	605
679	862
680	631
681	852
682	798
683	281
684	72
685	485
686	379
687	250
688	344
689	420
690	245
691	709
692	471
693	412
694	49
695	930
696	48
697	429
698	429
699	923
700	710
701	835
702	510
703	63
704	869
705	50
706	871
707	42
708	77
709	710
710	103
711	98
712	194
713	508
714	234
715	396
716	885
717	573
718	622
719	775
720	955
721	254
722	932
723	216
725	311
726	955
727	23
728	261
729	546
730	437
731	290
732	84
733	602
734	788
735	929
736	178
737	72
739	206
740	662
741	439
742	297
743	405
744	270
745	944
746	386
747	747
748	735
749	711
750	55
751	402
752	420
753	875
754	171
755	252
756	892
757	79
758	782
759	700
760	173
761	492
762	173
763	173
764	700
765	254
766	411
767	706
768	129
769	823
770	389
771	311
772	314
773	286
774	33
775	949
776	191
777	286
778	429
779	290
780	290
781	667
782	706
783	845
784	746
785	427
786	240
787	909
788	321
789	839
790	207
791	264
791	153
792	236
793	838
794	335
795	967
796	50
797	112
798	231
799	697
800	51
801	679
802	834
803	916
804	153
805	396
806	429
807	469
808	194
809	152
810	451
811	276
812	309
813	857
814	338
815	290
816	845
817	836
818	767
819	829
820	117
821	960
822	207
823	160
824	72
825	894
826	771
827	706
828	967
829	311
830	191
831	583
832	570
833	471
834	855
835	411
836	260
837	750
838	381
839	817
840	363
840	346
841	46
842	153
842	388
843	644
844	55
845	703
846	339
847	469
848	532
849	254
850	910
851	254
852	429
852	952
853	705
854	42
855	497
856	217
857	84
858	254
859	409
860	276
861	967
862	572
863	102
864	541
865	873
866	350
867	249
868	529
869	796
870	48
871	839
872	197
873	72
874	776
875	589
876	967
877	838
878	626
879	232
880	475
881	277
882	179
883	750
884	120
885	434
886	315
887	73
888	884
889	444
890	834
891	625
892	254
893	275
893	447
894	719
895	35
896	944
897	720
898	754
899	311
900	84
901	918
902	254
903	84
904	497
905	852
906	465
907	734
908	635
909	359
910	967
911	875
912	276
913	493
913	845
914	141
915	153
916	773
917	802
918	715
919	892
920	528
921	604
922	130
923	13
924	236
925	173
926	430
927	852
928	264
929	471
930	735
931	917
932	927
933	304
934	254
935	469
936	10
937	906
938	765
939	153
940	48
941	84
942	701
943	173
944	420
945	431
946	677
947	967
948	270
949	357
950	4
951	88
952	359
953	763
954	292
955	848
956	504
957	667
958	618
959	357
960	365
961	673
962	716
963	873
964	357
965	217
966	429
967	25
968	782
969	942
970	153
971	913
972	311
973	528
974	487
975	114
976	692
977	354
978	236
979	518
980	705
981	578
982	254
983	810
984	664
984	980
985	507
986	622
988	424
990	120
991	280
992	688
993	471
994	132
995	98
996	532
997	770
998	317
999	945
1000	796
1001	310
1002	864
1004	646
1005	429
1006	899
1006	426
1007	196
1008	145
1009	457
1010	626
1011	528
1012	357
1013	201
1014	253
1015	875
1016	940
1017	655
1018	357
1019	523
1020	563
1021	173
1022	396
1023	429
1024	864
1025	89
1026	438
1027	967
1028	50
1029	231
1030	144
1030	304
1031	916
1032	733
1033	621
1034	528
1035	301
1036	719
1037	286
1038	173
1039	366
1040	381
1041	819
1042	42
1043	715
1043	593
1043	78
1044	720
1045	357
1046	429
1047	970
1049	763
1050	317
1051	117
1052	191
1053	624
1054	309
1055	605
1056	148
1057	697
1058	85
1059	473
1060	279
1061	173
1062	469
1063	277
1064	254
1065	133
1066	193
1067	249
1068	276
1069	491
1070	359
1071	416
1072	508
1073	410
1074	445
1075	437
1076	626
1077	459
1078	280
1079	321
1080	85
1081	153
1082	875
1083	304
1084	720
1085	667
1086	319
1087	364
1088	706
1089	661
1091	733
1092	600
1093	411
1094	224
1094	352
1095	885
1096	231
1097	174
1098	359
1099	252
1100	286
1101	599
1102	920
1104	218
1105	301
1106	179
1107	120
1108	424
1109	921
1110	231
1111	715
1112	120
1113	872
1114	577
1115	489
1116	219
1116	844
1117	967
1118	839
1119	39
1120	768
1121	191
1122	153
1123	370
1124	28
1125	770
1126	719
1126	126
1127	932
1128	403
1128	343
1129	173
1130	735
1131	113
1131	838
1132	309
1133	195
1134	469
1135	696
1136	469
1137	690
1140	282
1141	871
1142	222
1143	84
1144	133
1145	270
1146	244
1147	304
1148	445
1149	254
1150	179
1151	429
1152	611
1153	626
1154	448
1155	600
1156	416
1157	284
1158	873
1159	449
1160	96
1161	934
1162	205
1163	250
1164	207
1165	720
1166	510
1167	231
1168	309
1169	350
1170	97
1171	750
1172	706
1173	930
1174	96
1175	895
1176	121
1177	724
1178	137
1179	556
1179	452
1182	813
1183	600
1184	283
1186	448
1187	100
1188	57
1189	389
1190	735
1191	803
1192	867
1193	798
1194	48
1195	346
1196	469
1197	347
1198	624
1199	798
1200	597
1201	265
1202	338
1203	48
1204	420
1205	676
1206	95
1207	447
1208	254
1209	301
1210	28
1211	720
1212	418
1213	153
1214	13
1215	429
1216	179
1217	719
1218	459
1219	555
1220	798
1221	173
1222	240
1223	300
1224	875
1224	411
1225	301
1226	213
1227	977
1228	579
1229	731
1230	276
1231	25
1232	340
1233	459
1234	949
1235	638
1236	327
1237	615
1238	773
1239	872
1240	925
1241	196
1242	913
1243	796
1244	406
1245	664
1246	343
1246	524
1246	360
1247	754
1248	875
1249	338
1250	501
1251	892
1252	429
1253	231
1254	178
1255	272
1256	421
1257	173
1258	376
1259	755
1260	277
1261	611
1262	64
1262	869
1263	455
1264	469
1265	802
1267	646
1268	179
1269	153
1270	119
1271	811
1272	420
1273	852
1274	80
1275	151
1276	471
1277	311
1278	764
1279	329
1280	469
1282	622
1283	650
1285	212
1286	980
1286	664
1287	790
1288	429
1289	666
1290	277
1291	200
1292	469
1293	606
1294	84
1295	908
1295	516
1296	491
1297	476
1298	618
1299	599
1300	162
1301	434
1302	670
1303	582
1304	43
1305	956
1306	735
1307	535
1308	929
1309	141
1310	719
1311	665
1312	596
1313	276
1314	513
1315	155
1316	807
1318	469
1319	497
1320	25
1321	469
1322	405
1323	304
1324	19
1325	301
1326	856
1327	429
1328	724
1329	277
1330	830
1331	541
1332	301
1333	93
1334	672
1335	886
1336	770
1337	429
1338	179
1339	44
1340	301
1341	622
1342	754
1343	207
1344	469
1345	13
1346	349
1347	834
1348	445
1349	420
1350	528
1350	411
1351	376
1352	974
1353	791
1354	869
1355	59
1356	638
1357	693
1358	735
1359	485
1360	927
1361	173
1362	967
1364	319
1365	187
1366	647
1367	83
1368	375
1369	296
1370	955
1371	230
1372	606
1373	84
1375	547
1375	3
1376	706
1377	487
1378	882
1379	284
1380	357
1381	835
1382	797
1383	85
1384	371
1385	747
1386	461
1387	496
1388	949
1389	311
1390	424
1391	439
1392	96
1393	803
1393	783
1394	528
1395	662
1396	266
1398	102
1399	173
1400	350
1401	239
1402	676
1403	446
1404	955
1405	926
1406	321
1407	304
1408	359
1409	710
1409	502
1410	420
1411	276
1412	471
1413	153
1414	756
1415	688
1416	939
1417	311
1418	724
1419	871
1420	84
1421	319
1422	935
1423	183
1424	179
1425	163
1426	295
1427	88
1428	429
1429	31
1430	84
1431	694
1432	168
1433	591
1434	8
1435	215
1436	636
1437	620
1438	528
1439	23
1440	253
1441	528
1442	84
1443	779
1443	627
1444	100
1445	606
1446	84
1447	222
1448	380
1449	500
1450	5
1451	455
1452	611
1453	457
1454	970
1455	782
1456	972
1457	471
1458	359
1459	521
1460	191
1461	630
1462	930
1463	409
1464	123
1465	311
1466	140
1466	805
1467	719
1468	599
1469	667
1470	713
1471	578
1472	827
1472	288
1473	193
1474	782
1475	432
1476	317
1477	720
1478	191
1479	553
1480	301
1481	621
1482	366
1483	290
1484	797
1485	976
1486	321
1487	913
1488	380
1488	385
1489	185
1490	407
1491	287
1492	187
1493	84
1495	789
1496	396
1497	930
1498	52
1499	891
1500	754
1501	434
1502	891
1503	724
1504	782
1505	35
1506	895
1507	277
1508	319
1508	254
1509	120
1510	872
1511	98
1512	667
1513	510
1514	207
1515	676
1516	777
1517	917
1518	843
1519	518
1520	968
1520	977
1521	555
1522	212
1523	916
1524	792
1525	173
1526	192
1527	775
1528	358
1529	147
1530	61
1531	308
1532	740
1533	735
1534	417
1535	319
1535	254
1536	667
1537	308
1538	174
1539	429
1540	680
1541	667
1542	726
1543	429
1544	835
1545	250
1545	970
1546	160
1547	357
1548	98
1549	46
1550	399
1551	420
1552	317
1553	120
1554	720
1555	348
1556	459
1557	706
1558	621
1559	536
1560	771
1561	205
1562	173
1563	431
1564	285
1565	57
1566	85
1567	469
1568	248
1569	735
1570	584
1571	935
1572	437
1573	469
1574	485
1575	496
1576	276
1577	577
1578	839
1579	48
1580	222
1581	567
1582	760
1583	537
1584	788
1584	839
1585	21
1586	87
1587	532
1588	708
1589	270
1590	254
1591	471
1592	511
1593	839
1594	858
1595	959
1595	153
1596	965
1597	719
1598	706
1599	120
1600	277
1601	724
1602	389
1603	491
1604	882
1605	319
1606	445
1607	136
1608	321
1609	719
1610	207
1611	65
1612	469
1613	408
1614	357
1615	22
1616	503
1617	469
1618	254
1619	319
1620	455
1622	833
1623	79
1624	127
1625	970
1626	856
1627	536
1629	478
1630	356
1631	585
1632	667
1633	179
1634	84
1635	4
1636	248
1637	626
1638	960
1639	867
1640	471
1641	923
1642	536
1643	170
1644	13
1646	290
1647	942
1648	356
1649	480
1650	782
1651	786
1652	641
1653	424
1654	161
1655	95
1656	319
1657	950
1658	752
1659	333
1660	254
1661	471
1662	672
1662	967
1662	399
1663	782
1664	480
1665	90
1666	420
1667	810
1668	967
1669	715
1670	173
1671	197
1672	577
1673	690
1674	13
1675	469
1676	162
1677	843
1678	797
1679	440
1680	222
1681	667
1682	719
1683	859
1684	631
1685	320
1686	195
1686	439
1687	591
1688	646
1689	626
1690	41
1691	829
1692	913
1693	89
1694	432
1696	746
1697	434
1698	411
1698	259
1698	32
1699	700
1700	50
1701	13
1702	50
1703	459
1704	254
1705	179
1706	610
1707	875
1708	5
1709	832
1710	311
1711	747
1712	694
1713	542
1714	537
1715	411
1716	678
1717	154
1718	545
1719	772
1720	258
1721	390
1722	464
1722	829
1723	930
1724	183
1725	188
1726	622
1727	173
1728	724
1729	877
1730	309
1731	967
1732	747
1734	309
1735	956
1735	413
1736	52
1737	355
1737	352
1738	89
1739	304
1740	796
1741	839
1742	173
1743	63
1744	979
1745	357
1746	254
1747	798
1748	308
1750	581
1751	303
1752	254
1753	154
1754	254
1755	286
1756	446
1757	191
1758	860
1759	32
1760	559
1761	496
1763	607
1764	517
1765	761
1766	445
1767	744
1768	706
1769	191
1770	714
1771	276
1772	748
1773	903
1775	631
1776	957
1777	823
1778	449
1779	207
1780	391
1781	420
1782	193
1783	254
1784	977
1785	507
1786	153
1788	290
1789	934
1790	921
1791	921
1792	879
1793	507
1794	894
1795	411
1796	193
1797	528
1798	411
1799	43
1800	173
1801	205
1802	357
1803	445
1804	946
1806	751
1807	758
1808	255
1809	469
1810	621
1811	727
1812	32
1813	228
1814	84
1815	666
1816	260
1817	768
1818	57
1819	528
1820	913
1821	707
1822	232
1823	333
1824	471
1826	798
1827	411
1828	421
1829	276
1830	129
1831	469
1832	684
1833	748
1834	214
1835	119
1836	834
1837	851
1838	567
1839	75
1840	208
1841	592
1842	396
1843	830
1844	609
1845	549
1846	875
1847	84
1848	474
1849	871
1850	573
1851	309
1852	499
1853	48
1854	254
1855	217
1856	429
1857	195
1858	503
1859	770
1860	972
1861	696
1862	23
1863	145
1864	43
1865	469
1866	937
1867	254
1868	222
1869	871
1870	873
1871	664
1871	980
1872	350
1873	471
1874	858
1875	930
1876	424
1877	696
1878	102
1879	499
1880	922
1881	85
1881	150
1881	305
1882	605
1883	967
1884	831
1885	638
1886	173
1887	254
1887	319
1888	153
1889	173
1890	863
1891	885
1892	496
1893	904
1894	168
1895	737
1896	425
1897	903
1898	21
1900	48
1901	471
1902	538
1903	854
1904	631
1905	38
1906	325
1907	659
1908	233
1909	419
1910	471
1911	606
1912	411
1913	561
1914	490
1916	690
1917	667
1918	250
1919	84
1920	319
1920	254
1921	575
1922	319
1923	205
1924	916
1924	384
1925	429
1926	223
1927	606
1928	72
1929	796
1930	416
1931	280
1932	914
1933	916
1934	93
1935	434
1936	471
1937	796
1938	955
1939	193
1940	735
1941	434
1942	300
1943	13
1944	287
1945	217
1947	112
1948	631
1949	638
1950	967
1951	332
1952	123
1953	276
1954	705
1955	416
1956	46
1957	84
1958	894
1959	325
1960	728
1962	373
1963	913
1964	414
1965	852
1966	929
1967	821
1968	46
1969	254
1970	179
1971	186
1972	93
1974	222
1975	161
1976	102
1977	175
1978	104
1979	276
1980	626
1981	132
1982	196
1983	31
1984	631
1985	153
1986	420
1987	52
1988	660
1989	519
1990	541
1991	253
1992	324
1993	640
1994	590
1995	405
1996	638
1996	311
1997	214
1998	100
1999	605
2000	706
2001	286
2002	277
2003	724
2004	526
2004	465
2005	917
2006	91
2007	872
2008	822
2009	173
2010	533
2011	586
2012	429
2013	499
2014	427
2015	4
2016	658
2017	128
2018	958
2019	102
2020	706
2021	621
2022	627
2023	590
2024	977
2025	112
2026	276
2027	173
2028	631
2029	286
2031	735
2032	852
2033	278
2034	715
2035	411
2036	434
2037	443
2038	125
2039	357
2039	256
2039	566
2039	779
2040	727
2041	514
2042	497
2043	372
2044	85
2045	869
2045	709
2046	179
2047	472
2048	372
2049	84
2050	117
2051	469
2052	173
2053	416
2054	254
2055	405
2056	970
2057	84
2058	790
2059	801
2060	359
2061	85
2062	11
2063	839
2064	471
2065	602
2066	884
2067	147
2068	870
2069	412
2070	228
2071	731
2072	645
2073	432
2074	934
2075	885
2076	832
2077	227
2078	5
2079	238
2080	797
2081	411
2082	823
2083	254
2084	631
2085	491
2086	284
2087	681
2088	154
2089	764
2090	82
2091	48
2092	406
2093	565
2094	14
2094	7
2095	775
2096	396
2097	638
2098	334
2099	420
2100	936
2100	667
2101	190
2102	357
2103	86
2104	469
2105	884
2106	79
2107	246
2108	920
2109	333
2110	212
2111	735
2113	445
2114	253
2114	429
2115	357
2116	26
2117	308
2118	420
2119	424
2120	396
2121	65
2122	113
2122	838
2123	674
2123	489
2124	471
2125	910
2126	664
2126	980
2127	970
2127	250
2128	226
2129	719
2130	71
2131	926
2132	812
2133	396
2134	897
2135	84
2136	980
2137	626
2138	764
2139	179
2140	490
2141	308
2142	914
2143	700
2144	853
2145	254
2146	440
2147	412
2148	290
2148	905
2148	878
2149	770
2150	839
2151	359
2152	499
2153	664
2153	980
2154	193
2155	102
2156	692
2157	490
2157	299
2158	429
2158	642
2159	153
2160	290
2161	286
2162	621
2163	370
2164	127
2165	173
2166	503
2167	578
2168	621
2169	930
2170	420
2172	600
2173	955
2174	86
2175	471
2176	228
2177	102
2178	509
2178	98
2179	829
2180	528
2181	107
2182	96
2183	414
2184	832
2185	231
2186	967
2187	205
2188	676
2189	692
2190	980
2190	664
2191	361
2192	120
2193	153
2194	234
2195	871
2196	554
2197	187
2198	290
2199	65
2200	212
2201	750
2202	557
2203	337
2204	153
2205	101
2205	782
2206	979
2207	814
2208	916
2209	595
2210	262
2211	117
2212	499
2213	667
2214	50
2215	173
2216	462
2217	344
2218	979
2219	665
2220	543
2221	773
2222	95
2223	942
2224	212
2225	265
2226	254
2227	411
2228	469
2229	414
2230	869
2231	357
2232	600
2233	368
2234	212
2235	869
2235	446
2236	875
2237	782
2238	279
2239	618
2240	754
2241	706
2242	103
2243	754
2244	193
2245	690
2246	622
2247	84
2248	46
2249	207
2250	540
2251	700
2252	173
2253	820
2254	541
2255	25
2256	222
2257	56
2258	663
2259	471
2260	84
2261	278
2262	389
2263	103
2264	196
2265	102
2266	909
2267	449
2268	284
2268	264
2269	309
2270	644
2271	879
2272	48
2273	393
2274	276
2275	57
2276	48
2277	420
2278	250
2278	970
2279	173
2280	497
2281	279
2282	336
2283	626
2284	254
2285	978
2286	123
2287	376
2288	621
2289	915
2290	906
2291	419
2292	852
2293	325
2294	719
2295	276
2296	770
2297	153
2298	472
2299	723
2300	270
2301	554
2302	648
2303	980
2303	664
2304	327
2305	461
2306	932
2307	381
2308	967
2309	173
2310	676
2311	872
2312	667
2313	735
2314	357
2315	410
2316	332
2317	115
2318	930
2319	577
2320	99
2321	66
2321	686
2322	621
2323	967
2324	440
2325	368
2326	826
2327	153
2328	32
2329	86
2330	532
2331	552
2332	562
2333	838
2333	953
2334	205
2335	967
2336	792
2337	319
2337	254
2338	866
2339	498
2340	280
2341	459
2342	646
2343	834
2344	102
2345	429
2346	50
2347	373
2348	46
2349	254
2350	786
2351	367
2352	441
2353	153
2354	278
2355	411
2356	251
2356	909
2357	32
2358	704
2359	825
2360	687
2361	740
2362	369
2363	484
2363	935
2364	430
2365	489
2366	92
2367	603
2368	748
2370	670
2371	733
2372	785
2373	173
2374	254
2375	393
2376	193
2377	217
2378	254
2379	980
2380	600
2381	606
2382	311
2383	427
2384	361
2385	301
2386	237
2387	444
2388	173
2389	46
2391	471
2392	459
2393	809
2394	173
2395	299
2396	232
2397	606
2398	321
2399	412
2400	222
2401	359
2402	253
2403	319
2404	944
2405	323
2406	85
2407	290
2408	205
2409	191
2410	114
2411	736
2412	471
2413	497
2414	930
2415	913
2416	613
2417	585
2418	732
2419	816
2420	22
2421	913
2422	788
2423	309
2424	84
2425	109
2426	474
2427	648
2429	445
2430	89
2432	610
2433	141
2434	153
2435	396
2436	19
2437	429
2438	927
2439	497
2440	411
2441	48
2442	790
2443	624
2444	294
2445	896
2446	5
2447	591
2449	191
2450	103
2451	528
2451	411
2451	966
2452	862
2453	844
2454	106
2454	750
2456	471
2457	330
2458	174
2459	673
2460	290
2461	263
2462	434
2463	818
2464	2
2465	749
2466	405
2467	694
2468	731
2469	308
2470	276
2471	311
2472	420
2473	333
2474	970
2475	429
2476	25
2477	839
2478	960
2479	694
2480	248
2481	207
2482	145
2484	538
2485	167
2486	46
2487	380
2488	891
2489	797
2490	333
2491	173
2493	65
2494	304
2495	980
2495	664
2496	798
2497	687
2498	289
2499	153
2500	568
2501	89
2502	969
2503	77
2504	598
2505	977
2506	788
2507	979
2508	838
2509	434
2510	578
2511	532
2512	62
2513	671
2514	139
2515	63
2516	358
2517	121
2518	25
2519	664
2519	980
2520	682
2521	871
2522	727
2523	377
2523	63
2524	715
2525	797
2526	774
2527	627
2528	810
2529	856
2531	791
2532	932
2533	621
2534	669
2535	37
2536	95
2537	786
2538	202
2539	321
2540	944
2541	795
2542	667
2543	304
2544	967
2545	802
2547	980
2547	664
2548	842
2549	563
2550	357
2551	622
2552	745
2553	188
2554	757
2555	217
2556	500
2557	193
2558	231
2559	429
2560	211
2561	429
2562	341
2563	276
2564	541
2565	904
2566	973
2567	41
2568	957
2569	353
2570	153
2571	290
2572	112
2573	884
2574	1
2575	153
2576	35
2577	806
2578	954
2579	110
2580	954
2581	706
2582	875
2583	151
2584	429
2585	912
2586	311
2587	392
2588	411
2589	469
2590	600
2591	217
2592	193
2593	900
2593	648
2594	631
2595	25
2596	420
2597	891
2598	124
2599	84
2600	254
2601	470
2602	48
2603	815
2604	735
2605	518
2606	977
2607	557
2608	717
2609	631
2610	892
2611	205
2612	626
2613	932
2614	955
2615	531
2615	429
2616	469
2617	666
2618	872
2619	659
2620	875
2621	276
2622	659
2623	762
2624	4
2625	945
2626	13
2627	580
2628	422
2629	465
2630	173
2631	25
2632	48
2633	286
2634	810
2635	338
2636	309
2637	768
2638	276
2639	830
2640	927
2641	135
2642	506
2643	302
2644	451
2645	767
2646	594
2647	217
2648	298
2649	93
2651	518
2652	439
2653	638
2654	552
2655	437
2656	802
2657	173
2658	931
2658	631
2659	605
2660	767
2661	541
2662	735
2663	79
2664	248
2666	630
2667	657
2668	429
2669	389
2670	98
2671	532
2672	253
2673	844
2674	254
2675	694
2676	797
2677	967
2678	790
2679	457
2680	335
2681	753
2681	787
2682	497
2683	290
2684	798
2685	910
2686	874
2687	834
2688	967
2689	263
2690	587
2691	254
2692	328
2693	19
2694	828
2694	449
2695	886
2696	175
2697	853
2698	735
2699	292
2700	179
2701	646
2702	230
2703	822
2705	859
2706	253
2707	173
2708	254
2709	350
2710	894
2710	691
2711	585
2711	769
2712	577
2713	621
2714	750
2715	927
2716	173
2717	95
2718	834
2719	554
2720	904
2721	852
2722	445
2722	943
2723	173
2724	445
2726	298
2727	396
2728	445
2729	20
2730	357
2731	528
2732	797
2733	50
2734	286
2735	523
2736	621
2737	276
2738	602
2739	221
2740	236
2741	469
2742	414
2743	480
2744	885
2745	839
2746	871
2747	754
2749	469
2750	539
2751	949
2752	747
2753	625
2754	914
2755	396
2756	222
2757	207
2758	290
2759	276
2760	389
2761	48
2762	852
2763	319
2764	342
2765	65
2766	894
2767	754
2768	84
2769	821
2770	471
2771	327
2772	808
2773	621
2774	804
2775	63
2775	766
2776	731
2777	788
2778	948
2779	27
2780	634
2781	551
2782	697
2783	924
2784	48
2785	919
2786	797
2787	614
2788	466
2788	72
2789	770
2790	724
2791	627
2792	600
2793	429
2794	97
2795	50
2796	294
2797	914
2798	173
2799	72
2800	698
2801	659
2802	172
2803	335
2804	395
2805	885
2806	913
2807	748
2808	138
2809	320
2810	173
2811	173
2813	262
2814	302
2815	557
2816	823
2817	173
2818	434
2819	429
2820	782
2821	935
2822	424
2823	119
2824	467
2825	528
2826	231
2827	494
2828	301
2830	567
2831	638
2832	76
2833	838
2834	646
2835	25
2836	845
2837	398
2838	50
2839	446
2840	197
2841	837
2841	454
2842	504
2843	62
2844	120
2845	782
2846	528
2847	977
2848	713
2849	768
2850	839
2850	47
2850	94
2851	396
2852	735
2853	829
2854	890
2855	253
2856	84
2857	48
2858	574
2859	975
2861	941
2862	980
2862	664
2863	304
2864	528
2865	445
2865	666
2866	796
2867	536
2868	560
2869	308
2870	357
2871	934
2872	549
2873	961
2873	371
2874	437
2875	382
2876	844
2877	364
2878	378
2879	459
2880	471
2881	469
2882	357
2883	380
2884	50
2886	614
2887	25
2888	846
2889	632
2890	962
2890	3
2891	84
2892	13
2893	147
2894	529
2895	120
2896	977
2897	286
2898	278
2899	839
2900	768
2901	84
2902	276
2903	598
2904	437
2905	622
2906	622
2907	17
2908	685
2909	23
2910	162
2911	199
2912	538
2913	848
2914	453
2915	304
2916	482
2917	155
2918	308
2919	380
2920	72
2921	429
2922	885
2923	532
2924	618
2925	589
2926	906
2927	287
2928	647
2929	290
2930	668
2931	575
2932	885
2934	600
2935	791
2936	34
2937	429
2938	90
2939	788
2940	839
2941	886
2942	626
2943	471
2944	885
2946	667
2947	847
2948	819
2949	485
2950	833
2951	102
2952	886
2953	885
2954	599
2955	61
2956	667
2957	455
2958	471
2959	848
2960	411
2961	153
2962	534
2963	63
2963	377
2964	83
2965	308
2966	415
2967	173
2968	164
2969	913
2970	821
2971	876
2972	578
2973	236
2974	232
2975	631
2976	85
2977	93
2978	958
2979	735
2980	159
2980	318
2981	528
2982	65
2983	250
2984	257
2985	629
2986	638
2987	362
2987	429
2989	821
2990	63
2991	173
2992	225
2993	290
2994	411
2995	173
2996	276
2997	977
2998	462
2999	520
3000	441
3001	646
3002	278
3003	460
3003	46
3004	813
3005	700
3006	471
3007	458
3007	881
3008	481
3008	274
3009	788
3010	803
3011	117
3012	281
3013	928
3014	25
3015	429
3016	299
3017	567
3018	913
3019	179
3020	763
3021	276
3022	357
3023	293
3024	204
3025	212
3025	738
3026	388
3027	437
3028	932
3029	721
3030	714
3031	469
3032	131
3033	25
3034	572
3035	290
3036	735
3037	646
3039	913
3040	907
3040	522
3040	456
3041	435
3042	471
3043	602
3044	817
3045	298
3046	357
3047	147
3048	70
3049	571
3050	48
3051	606
3052	170
3053	236
3054	763
3055	659
3056	439
3057	308
3058	959
3059	411
3060	754
3061	535
3062	174
3063	316
3064	357
3065	290
3066	892
3067	696
3068	838
3069	920
3070	759
3071	719
3072	42
3073	470
3074	120
3075	50
3076	290
3077	222
3078	767
3079	970
3080	290
3081	469
3082	286
3084	967
3085	631
3086	290
3087	173
3088	69
3089	173
3090	911
3091	187
3092	151
3093	357
3094	173
3095	271
3096	322
3097	913
3098	205
3099	173
3100	45
3100	318
3101	111
3102	25
3103	308
3104	528
3104	966
3104	411
3105	875
3106	536
3107	557
3108	528
3109	276
3111	550
3112	463
3113	838
3114	626
3115	84
3116	411
3116	9
3117	191
3118	413
3118	956
3119	376
3120	730
3121	457
3121	750
3122	933
3123	319
3123	254
3124	445
3126	191
3127	434
3128	173
3129	497
3130	429
3131	63
3132	735
3133	229
3134	441
3135	380
3137	949
3138	234
3138	839
3139	462
3140	301
3141	254
3141	319
3142	616
3143	567
3144	692
3145	798
3146	276
3147	469
3148	411
3149	771
3151	41
3152	600
3153	286
3153	117
3154	188
3155	429
3156	927
3157	719
3158	48
3159	720
3160	916
3161	719
3162	548
3163	247
3164	469
3165	20
3166	253
3167	626
3168	690
3169	148
3170	191
3171	719
3172	967
3173	706
3174	626
3175	938
3176	483
3176	651
3176	18
3177	564
3178	979
3180	21
3181	286
3182	683
3183	25
3184	763
3185	910
3186	532
3187	269
3188	696
3189	276
3190	243
3191	357
3192	367
3193	834
3194	267
3195	72
3196	357
3197	865
3198	934
3199	333
3200	410
3201	622
3202	729
3203	794
3204	488
3205	839
3205	948
3206	695
3207	945
3208	876
3209	676
3210	943
3210	222
3211	958
3212	469
3213	191
3214	967
3215	800
3216	469
3217	621
3218	898
3219	49
3220	603
3221	548
3222	173
3223	902
3224	58
3225	79
3226	411
3226	528
3227	429
3228	153
3229	977
3230	401
3231	471
3232	280
3233	74
3234	192
3235	605
3236	796
3237	497
3238	980
3239	510
3240	555
3241	250
3242	751
3243	222
3244	226
3245	570
3246	291
3247	872
3248	153
3249	255
3250	276
3252	469
3253	948
3254	184
3255	970
3256	836
3257	429
3258	558
3259	834
3261	977
3262	457
3263	29
3264	286
3265	359
3266	79
3267	174
3268	308
3269	735
3270	832
3271	839
3271	649
3272	213
3272	6
3273	180
3275	490
3276	601
3277	331
3278	469
3279	788
3280	85
3281	612
3282	366
3283	350
3284	93
3285	489
3286	179
3287	567
3288	114
3289	851
3290	220
3290	656
3291	489
3292	457
3293	839
3294	548
3295	951
3296	153
3297	32
3298	834
3299	692
3300	149
3301	639
3302	747
3303	741
3304	193
3305	934
3306	699
3307	308
3308	491
3309	529
3310	357
3311	317
3312	8
3313	327
3314	276
3315	459
3316	16
3317	455
3318	85
3319	173
3320	48
3321	230
3322	13
3323	277
3324	437
3325	277
3326	512
3327	84
3328	527
3329	254
3330	603
3331	61
3332	429
3333	429
3334	298
3335	496
3336	77
3337	108
3337	426
3338	339
3339	87
3340	440
3341	895
3342	719
3343	461
3344	32
3345	440
3346	667
3347	193
3348	303
3349	45
3350	523
3351	91
3352	191
3353	338
3354	153
3355	469
3356	437
3357	552
3358	956
3359	308
3360	872
3361	338
3362	15
3363	605
3364	176
3365	397
3366	803
3367	500
3369	903
3370	797
3371	617
3372	675
3373	453
3374	311
3375	471
3376	743
3377	411
3378	429
3380	588
3380	977
3380	717
3381	958
3382	960
3383	690
3384	370
3385	967
3386	967
3387	399
3388	142
3389	906
3390	308
3391	351
3392	253
3393	6
3394	168
3396	898
3397	396
3398	893
3399	105
3400	498
3401	930
